835
836
837
838
839
840
841
842
539
540
541
339
340
341
342
343
344
345
346
347
348
349
350
351
352
353
354
355
356
357
358
359
360
361
362
363
364
365
366
367
368
369
370
371
372
373
374
375
857
858
859
860
861
857
858
859
860
861
835
836
837
835
836
837
838
839
840
841
842
843
844
845
846
847
848
363
364
835
303
304
305
306
307
308
309
310
311
312
313
314
315
316
317
318
319
320
321
322
323
324
325
326
327
328
329
858
859
860
861
862
863
864
865
866
867
868
869
870
871
872
873
839
840
841
842
843
844
266
355
356
357
358
359
360
361
362
363
364
310
836
837
838
839
840
841
842
843
370
371
372
373
374
375
376
377
378
379
380
381
382
383
384
385
386
387
388
389
390
391
392
541
542
375
376
377
285
286
287
288
289
290
291
292
293
294
295
296
297
298
299
300
301
302
303
304
305
306
307
308
309
310
311
312
357
358
359
360
361
362
363
364
365
366
367
368
369
370
371
372
90
91
92
93
94
95
110
329
330
331
332
333
334
335
336
337
338
339
340
341
342
343
344
345
346
347
348
349
350
351
328
329
330
331
332
333
334
335
336
337
338
339
340
341
342
343
344
345
346
347
348
349
350
351
352
353
354
355
356
357
358
359
360
361
362
363
364
365
366
367
368
369
370
371
372
373
374
375
376
377
378
379
380
381
382
383
384
385
386
835
836
837
838
839
840
841
842
841
842
843
844
748
749
750
751
752
753
754
755
756
757
758
759
760
761
762
763
764
765
766
767
768
769
770
771
937
938
939
365
366
367
368
369
370
371
372
58
59
60
61
62
384
385
835
836
837
838
839
840
841
842
843
844
845
846
847
848
849
850
851
852
853
854
855
292
293
294
295
296
297
298
299
300
301
302
303
304
305
306
307
308
309
310
311
312
313
314
315
316
317
318
319
714
715
716
717
567
568
569
570
285
286
362
363
364
365
366
367
368
369
370
371
372
373
376
552
553
554
555
352
353
354
373
374
375
376
377
378
379
380
381
382
383
384
385
386
295
296
297
298
299
300
301
302
303
304
305
306
307
308
309
310
311
312
313
314
315
316
317
318
319
320
321
322
323
324
325
840
841
842
843
844
845
846
847
848
849
850
851
852
853
854
855
856
857
858
859
860
861
862
863
864
865
866
867
110
111
112
113
114
115
116
117
325
326
327
328
364
365
366
367
368
369
370
371
310
311
312
313
314
285
286
287
288
289
290
291
763
764
765
766
767
768
769
770
556
860
861
859
860
861
862
863
864
865
866
867
868
869
870
871
872
873
874
875
876
120
121
122
123
124
125
126
127
128
129
336
337
338
339
340
341
342
343
344
345
346
349
350
351
352
353
354
355
356
357
358
352
353
354
355
356
357
358
359
360
361
362
363
305
306
307
308
309
310
311
836
837
838
839
840
841
860
861
862
863
864
865
838
839
840
841
842
843
844
845
846
540
541
332
333
334
335
766
767
768
769
770
771
772
773
774
775
776
777
778
779
780
781
782
783
784
785
786
787
788
789
790
791
792
793
794
795
796
797
798
799
800
801
802
803
804
805
806
807
808
809
341
342
343
344
345
346
347
348
349
350
351
352
353
354
355
356
357
358
359
360
361
362
363
364
365
866
867
868
869
870
871
101
354
355
356
357
358
359
360
361
362
363
364
365
366
367
368
369
370
371
372
373
374
375
376
377
378
379
380
381
382
383
384
385
386
387
388
389
390
391
392
393
394
395
396
397
398
399
400
401
402
403
404
405
406
407
408
409
410
411
412
413
414
415
349
350
351
352
353
354
355
356
363
364
353
354
355
356
357
358
359
360
361
341
342
343
344
345
346
347
348
349
350
351
352
353
354
355
356
357
358
359
360
361
362
363
364
365
366
367
368
369
370
371
372
373
374
375
376
377
940
941
942
943
944
945
946
947
948
198
199
200
201
202
203
204
205
206
207
208
209
210
211
212
213
214
215
835
836
837
838
399
400
401
402
403
404
405
406
407
408
409
410
411
412
413
414
415
416
417
418
419
420
421
422
423
329
330
331
332
333
334
335
336
337
338
924
925
926
273
274
275
276
277
278
279
280
281
282
283
284
285
611
612
306
307
308
768
769
770
375
376
377
378
379
835
836
837
377
378
379
380
381
382
383
384
385
386
387
388
389
373
374
651
652
653
654
655
656
657
658
840
841
842
843
291
292
293
294
295
296
297
298
64
65
66
67
68
69
70
71
72
73
74
75
363
364
365
366
367
368
369
370
838
